index: 0;;;;[3,4,5,5] 
index: 1;;;;[3, 5, 5, 5]
index: 2;;;;[3, 4, 5, 4]
index: 3;;;;[1, 4, 5, 3]
index: 4;;;;[1, 5, 5, 5]
index: 5;;;;[1, 5, 4, 4]
index: 6;;;;[1, 5, 4, 3]
index: 7;;;;[2, 5, 4, 4]
index: 8;;;;[2, 4, 5, 5]  
index: 9;;;;[1,5,4,4]
index: 10;;;;[2, 5, 5, 5]
index: 11;;;;[1, 5, 5, 5]
index: 12;;;;[2, 5, 4, 5]
index: 13;;;;[1, 5, 4, 5]
index: 14;;;;[3, 5, 4, 5]
index: 15;;;;[2, 5, 4, 5]
index: 16;;;;[1, 5, 5, 4]
index: 17;;;;[1, 5, 5, 5]
index: 18;;;;[1, 5, 5, 5]
index: 19;;;;[2, 5, 4, 5]
index: 20;;;;[1, 5, 4, 4]
index: 21;;;;[3, 5, 5, 4]
index: 22;;;;[2, 5, 4,4]
index: 23;;;;[2, 4, 5, 5]
index: 24;;;;[1, 5, 4, 3]
index: 25;;;;[1, 5, 5, 5]
index: 26;;;;[1, 5, 4, 5]
index: 27;;;;[1, 5, 4, 5]
index: 28;;;;[1, 4, 5, 5]
index: 29;;;;[3, 5, 5, 5]
index: 30;;;;[2, 4, 5, 5]
index: 31;;;;[1, 5, 5, 4]
index: 32;;;;[1, 5, 4, 5]
index: 33;;;;[1, 5, 5, 5]
index: 34;;;;[1, 5, 5, 5]
index: 35;;;;[1, 5, 4, 5]
index: 36;;;;[3, 5, 5, 4]
index: 37;;;;[1, 5, 5, 5]
index: 38;;;;[1, 5, 5, 5]
index: 39;;;;[1, 5, 5, 5]
index: 40;;;;[1, 4, 5, 5]
index: 41;;;;[1, 4, 5, 5]
index: 42;;;;[1, 5, 4, 5]
index: 43;;;;[1, 4, 3, 3]
index: 44;;;;[2, 4, 5, 4]
index: 45;;;;[1, 5, 5, 5]
index: 46;;;;[2,4,5,5]
index: 47;;;;[3, 5, 5, 4]
index: 48;;;;[1,5,4,5]
index: 49;;;;[3, 5, 5, 4]
index: 50;;;;[1, 4, 5, 4]
index: 51;;;;[1, 5, 4, 4]
index: 52;;;;[1,5,5,5]
index: 53;;;;[1, 4, 5, 5]
index: 54;;;;[1,5,5,4]
index: 55;;;;[1, 5, 5, 5]
index: 56;;;;[1, 4, 5, 4]
index: 57;;;;[1, 5, 4, 5]
index: 58;;;;[1, 4, 5, 5]
index: 59;;;;[2, 5, 5, 5]
index: 60;;;;[1, 5, 4, 5]
index: 61;;;;[1,5,4,3]
index: 62;;;;[1, 5, 5, 5]
index: 63;;;;[1, 5, 4, 5]
index: 64;;;;[1, 5, 4, 3]
index: 65;;;;[1, 5, 5, 5]
index: 66;;;;[1, 4, 5, 5] 
index: 67;;;;[1, 4, 5, 5]
index: 68;;;;[1, 4, 5, 5]
index: 69;;;;[1, 4, 5, 4]
index: 70;;;;[1, 5, 5, 4]
index: 71;;;;[1, 5, , 5]
index: 72;;;;[2,5,5,4]
index: 73;;;;[1, 2, 4, 4]
index: 74;;;;[1, 5, 4, 5]
index: 75;;;;[1, 5, 4, 5]
index: 76;;;;[1, 3, 4, 4]
index: 77;;;;[1, 5, 5, 4]
index: 78;;;;[2, 5,4,3]
index: 79;;;;[3, 5, 5, 5]
index: 80;;;;[1, 5, 5, 5]
index: 81;;;;[1, 5, 4, 4]     
index: 82;;;;[3, 5, 5, 4]
index: 83;;;;[1, 3, 4, 4]
index: 84;;;;[1, 5, 5, 5]
index: 85;;;;[1, 5, 5, 5]
index: 86;;;;[3, 5, 5, 5]
index: 87;;;;[1, 5, 4, 3]
index: 88;;;;[1, 5, 5, 5]
index: 89;;;;[1, 5, 4, 4]
index: 90;;;;[1, 4, 4, 4]
index: 91;;;;[1, 5, 5, 5]
index: 92;;;;[1, 4, 5, 5]
index: 93;;;;[2,4,5,5]
index: 94;;;;[1, 5, 5, 4]
index: 95;;;;[1, 2, 5, 4]
index: 96;;;;[1, 5, 4 ,5]
index: 97;;;;[2, 5, 5, 5]
index: 98;;;;[3, 5, 5, 5]
index: 99;;;;[1, 5, 4, 5]
index: 100;;;;[1, 5, 4, 4]
index: 101;;;;[3, 5, 4, 5]
index: 102;;;;[2, 2, 4, 5]
index: 103;;;;[2, 5, 5, 5]
index: 104;;;;[2, 4, 4, 5]
index: 105;;;;[1, 4, 5, 5]
index: 106;;;;[1, 5, 4, 5]
index: 107;;;;[1, 4, 5, 5]
index: 108;;;;[1, 5, 5, 4]
index: 109;;;;[3,5,5,5]
index: 110;;;;[2, 5, 5, 5]
index: 111;;;;[1, 2, 5, 5]
index: 112;;;;[1, 5,5, 4]
index: 113;;;;[1,5,4,5]
index: 114;;;;[1, 5, 5, 5]
index: 115;;;;[1,5,5,5]
index: 116;;;;[1, 5, 5, 5]
index: 117;;;;[1, 5, 5, 4]
index: 118;;;;[1, 4, 4, 5]
index: 119;;;;[1, 4, 5, 1]
index: 120;;;;[1, 5, 5, 5]
index: 121;;;;[1, 5, 5, 4]
index: 122;;;;[1, 5, 4, 5]
index: 123;;;;[1, 5, 5, 5]
index: 124;;;;[1, 5, 5, 4]
index: 125;;;;[2, 4, 5, 5]
index: 126;;;;[2, 5, 4, 4]
index: 127;;;;[3, 5, 4, 4]
index: 128;;;;[1, 5, 4, 5]
index: 129;;;;[1, 5, 5, 4]
index: 130;;;;[1, 5, 5, 4]
index: 131;;;;[1,5,4,5]
index: 132;;;;[1, 5, 5, 5]
index: 133;;;;[1, 3, 5, 5]
index: 134;;;;[1, 5, 4, 5]
index: 135;;;;[1, 3, 5, 5]
index: 136;;;;[1, 5, 5, 4]
index: 137;;;;[1, 5, 5, 5]
index: 138;;;;[3, 5, 5, 4]
index: 139;;;;[2, 4, 5, 4]
index: 140;;;;[1, 5, 5, 3]
index: 141;;;;[3, 4, 5, 4]
index: 142;;;;[3, 5, 4, 4]
index: 144;;;;[1, 5, 5, 5]
index: 145;;;;[1, 5, 4, 4]
index: 146;;;;[1, 5, 5, 5]
index: 147;;;;[1, 4, 5, 4]
index: 148;;;;[4, 5, 5, 4]
index: 149;;;;[2,1,5,4]
index: 150;;;;[1, 5, 4, 5]
index: 151;;;;[1, 5, 5, 5]
index: 152;;;;[2, 5, 5, 5]
index: 153;;;;[2, 5, 5, 4]
index: 154;;;;[1, 5, 5, 4]
index: 155;;;;[1, 4, 5, 5]
index: 156;;;;[1, 5, 4, 4]                   
index: 157;;;;[1, 5, 4,5]
index: 158;;;;[1, 5, 5, 5]
index: 159;;;;[2, 5, 5, 5]
index: 160;;;;[1, 3, 3, 4]
index: 161;;;;[1, 5, 5, 5]
index: 162;;;;[1,5,5,4]
index: 163;;;;[1, 5, 5, 5]
index: 164;;;;[1, 4, 5, 5]
index: 165;;;;[1, 4, 3, 5]
index: 166;;;;[1, 5, 4, 5]
index: 167;;;;[1, 4, 5, 5]
index: 168;;;;[1, 4, 5, 5]
index: 169;;;;[1,5,4,5]
index: 170;;;;[1, 5, 5, 5]
index: 171;;;;[1, 5, 5, 4]
index: 172;;;;[1, 5, 4, 5]
index: 173;;;;[1, 5, 5, 4]
index: 174;;;;[1, 3, 4, 2]
index: 175;;;;[1, 5, 5, 5]
index: 176;;;;[1, 4, 5, 5]
index: 177;;;;[1, 1, 5, 4]
index: 178;;;;[1, 2, 5, 5]
index: 179;;;;[1, 1, 3, 2]
index: 180;;;;[1,5,4,4]
index: 181;;;;[1,5,5,5]
index: 182;;;;[1, 5, 5, 5]
index: 183;;;;[1, 5, 4, 5]
index: 184;;;;[1, 4, 5, 4]
index: 185;;;;[1,4,5,5]
index: 186;;;;[1, 4, 5, 5]
index: 187;;;;[1, 3, 5, 5]
index: 188;;;;[1, 5, 5, 3]
index: 189;;;;[1, 5, 5, 4]
index: 190;;;;[1, 4, 3, 1]
index: 191;;;;[1, 5, 5, 4]
index: 192;;;;[1, 5, 5, 4]
index: 193;;;;[1, 4, 5, 4]
index: 194;;;;[1,5,5,5]
index: 195;;;;[1, 5, 5, 5]
index: 196;;;;[2, 5, 5, 5]
index: 197;;;;[1, 5, 5, 5]
index: 198;;;;[1, 5, 5, 5]
index: 199;;;;[1, 5, 2, 4]
index: 200;;;;[1, 5, 5, 5]
index: 201;;;;[1, 5, 4, 5]
index: 202;;;;[1, 5, 5, 5]
index: 203;;;;[1, 5, 5, 5]
index: 204;;;;[1, 5, 4, 4]
index: 205;;;;[1, 5, 4, 5]
index: 206;;;;[1, 5, 4, 4]
index: 207;;;;[1, 5, 5, 4]
index: 208;;;;[1, 5, 4, 5]
index: 209;;;;[1, 5, 5, 4]
index: 210;;;;[1, 4, 5, 5]
index: 211;;;;[1, 5, 5, 4]
index: 212;;;;[1, 4, 3, 5]
index: 213;;;;[1, 5, 5, 5]
index: 214;;;;[1, 5, 5, 5]
index: 215;;;;[1, 5, 5, 5]
index: 216;;;;[1, 5, 5, 4]
index: 217;;;;[1, 5, 5, 5]
index: 218;;;;[1, 5, 5, 4]
index: 219;;;;[1, 5, 4, 4]
index: 220;;;;[1, 5, 4, 3]
index: 221;;;;[1, 5, 5, 4]
index: 222;;;;[1,4,5,4]
index: 223;;;;[1, 5, 4, 5]
index: 224;;;;[1, 5, 5, 4]
index: 225;;;;[1, 5, 5, 4]
index: 226;;;;[1, 4, 4, 4]
index: 227;;;;[1,5,4,5]
index: 228;;;;[1, 5, 5, 5]
index: 229;;;;[1, 5, 5, 4]
index: 230;;;;[1, 5, 5, 5]
index: 231;;;;[1, 4, 5, 5]
index: 232;;;;[1, 5, 4, 4]
index: 233;;;;[1, 5, 4, 4]
index: 234;;;;[1, 5, 5, 5]
index: 235;;;;[1, 5, 5, 5]
index: 236;;;;[1, 5, 5, 4]
index: 237;;;;[1, 5, 5, 4]
index: 238;;;;[1,5,4,5]
index: 239;;;;[1, 5, 5, 5]
index: 240;;;;[1, 5, 5, 4]
index: 241;;;;[1, 4, 4, 5]
index: 242;;;;[1, 5, 4, 5]
index: 243;;;;[1, 4, 5, 5]
index: 244;;;;[1, 5, 4, 5]
index: 245;;;;[1, 4, 5, 3]
index: 246;;;;[1, 4, 5, 4]
index: 247;;;;[1, 5, 5, 5]
index: 248;;;;[1, 5, 5, 4]
index: 249;;;;[1, 5, 5, 5]
index: 250;;;;[1, 4, 5, 5]
index: 251;;;;[1, 4, 5, 4]
index: 252;;;;[1, 5, 5, 5]
index: 253;;;;[1, 5, 5, 5]
index: 254;;;;[2, 5, 5, 4]
index: 255;;;;[1, 5, 5, 4]
index: 256;;;;[2, 5, 4, 4]
index: 257;;;;[1, 5, 4, 5]
index: 258;;;;[1, 5, 4, 3]
index: 259;;;;[1, 5, 4, 4]
index: 260;;;;[1, 5, 5, 4]
index: 261;;;;[1, 5, 5, 4]
index: 262;;;;[1,5,4,4]
index: 263;;;;[1, 5, 5, 5]
index: 264;;;;[1, 5, 5, 4]
index: 265;;;;[1, 4, 5, 4]
index: 266;;;;[1, 4, 5, 4]
index: 267;;;;[1, 3, 4, 4]
index: 268;;;;[1, 5, 5, 4]
index: 269;;;;[1, 5, 5, 5]
index: 270;;;;[1, 5, 4, 5]
index: 271;;;;[1, 5, 5, 5]
index: 272;;;;[1, 4, 5, 4]
index: 273;;;;[1, 5, 4, 3]
index: 274;;;;[1, 5, 4, 4]
index: 275;;;;[1, 5, 4, 4]
index: 276;;;;[1, 5, 5, 4]
index: 277;;;;[1, 5, 4, 4]
index: 278;;;;[1, 5, 4, 3]
index: 279;;;;[1, 4, 5, 4]
index: 280;;;;[1, 4, 5, 5]
index: 281;;;;[1, 5, 5, 5]
index: 282;;;;[1, 5, 4, 5]
index: 283;;;;[1, 5, 4, 3]
index: 284;;;;[1, 5, 4, 5]
index: 285;;;;[1, 5, 4, 5]
index: 286;;;;[1, 5, 5, 4]
index: 287;;;;[2, 4, 5, 4]
index: 288;;;;[1, 4, 5, 3]
index: 289;;;;[1,5,5,5]
index: 290;;;;[2, 4, 3, 5]
index: 291;;;;[1, 5, 5, 5]
index: 292;;;;[1, 5, 4, 3]
index: 293;;;;[1, 5, 4, 3]
index: 294;;;;[1, 5, 5, 5]
index: 295;;;;[1, 5, 5, 5]
index: 296;;;;[1, 5, 5, 5]
index: 297;;;;[1, 4, 3, 5]
index: 298;;;;[1, 5, 5, 4]
index: 299;;;;[1, 5, 5, 5]
index: 300;;;;[1, 5, 5, 5]
index: 301;;;;[1, 4, 5, 5]
index: 302;;;;[1, 5, 5, 5]
index: 303;;;;[1, 4, 5, 5]
index: 304;;;;[1, 5, 4,4] 
index: 305;;;;[1, 4, 5, 4]
index: 306;;;;[1, 5, 5, 4]
index: 307;;;;[1, 3, 5, 4]
index: 308;;;;[1, 5, 5, 4]
index: 309;;;;[2, 5, 4, 5]
index: 310;;;;[1, 4, 5, 4]
index: 311;;;;[1, 3, 4, 3]
index: 312;;;;[1, 4, 5, 5]
index: 313;;;;[1, 5, 4, 4]
index: 314;;;;[1,5,5,5]
index: 315;;;;[1, 5, 4, 5]
index: 316;;;;[1,4,5,5]
index: 317;;;;[1,5,5,4]
index: 318;;;;[1, 5, 5, 5]
index: 319;;;;[2, 5, 5, 4]
index: 320;;;;[1, 5, 5, 5]
index: 321;;;;[1, 4, 5, 4]
index: 322;;;;[1, 5, 5, 5]
index: 323;;;;[1, 4, 5, 5]
index: 324;;;;[1,4,5,4]
index: 325;;;;[1, 5, 4, 5]
index: 326;;;;[1, 5, 4, 4]
index: 327;;;;[1, 4, 5, 2]
index: 328;;;;[1, 5, 4, 4]
index: 329;;;;[1, 5, 5, 5]
index: 330;;;;[1, 5, 5, 4]
index: 331;;;;[1, 4, 5, 4]                                                                                                                              index: 332;;;;[1, 2, 5, 4]
index: 333;;;;[1, 5, 5, 4]
index: 334;;;;[4, 5, 4, 5]
index: 335;;;;[3, 4, 3, 4]
index: 336;;;;[2, 5, 5, 4]
index: 337;;;;[4, 5, 5, 5]
index: 338;;;;[2, 5, 3, 4]
index: 339;;;;[3,4,5,5]
index: 340;;;;[1, 5, 4, 5]
index: 341;;;;[3, 5, 5, 5]
index: 342;;;;[4, 5, 5, 4]
index: 343;;;;[1, 5, 4, 3]
index: 344;;;;[1, 5, 5, 5]
index: 345;;;;[4,3,5,4]
index: 346;;;;[5, 5, 5, 5]
index: 347;;;;[1, 4, 5, 5]
index: 348;;;;[4,5,5,5]
index: 349;;;;[3, 5, 5, 5]
index: 350;;;;[4, 5, 5, 5]
index: 351;;;;[4, 5, 5, 5]
index: 352;;;;[4, 5, 4, 4]
index: 353;;;;[4,5,5,5]
index: 354;;;;[5, 5, 5, 5]
index: 355;;;;[1, 4, 5, 4]
index: 356;;;;[4, 5, 5, 4]
index: 357;;;;[4, 5, 5, 5]
index: 358;;;;[1,5,5,5]
index: 359;;;;[3, 4, 4, 5]
index: 360;;;;[2, 5, 5, 5]
index: 361;;;;[1, 5, 5, 5]
index: 362;;;;[4, 5, 5, 5]
index: 363;;;;[1, 5, 5, 5]
index: 364;;;;[1, 4, 5, 5]
index: 365;;;;[1, 5, 5, 5]
index: 366;;;;[2, 4, 4, 5]
index: 367;;;;[2, 4, 5, 3]
index: 368;;;;[1, 4, 5, 5]
index: 369;;;;[1, 5, 4, 3]
index: 370;;;;[4, 5, 5, 5]
index: 371;;;;[1, 5, 4, 5]
index: 372;;;;[5,5,5,4]
index: 373;;;;[1, 5, 4, 5]
index: 374;;;;[1, 5, 2, 4]
index: 375;;;;[1, 4, 5, 3]
index: 376;;;;[1, 4, 5, 4]
index: 377;;;;[3, 4, 5, 5]
index: 378;;;;[1,4,5,4]
index: 379;;;;[4, 3, 5, 5]
index: 380;;;;[2, 5, 5, 5]
index: 381;;;;[4, 5, 5, 5]
index: 382;;;;[1, 3, 5, 4]
index: 383;;;;[5, 4, 5, 5]
index: 384;;;;[2, 5, 4, 4]
index: 385;;;;[4, 5, 5, 5]
index: 386;;;;[1,5,5,5]
index: 387;;;;[1, 3, 4, 5]
index: 388;;;;[2, 4, 5, 4]
index: 389;;;;[1, 5, 4, 4]
index: 390;;;;[1, 5, 4, 5]
index: 391;;;;[1, 5, 4, 5]
index: 392;;;;[2,4,5,3]
index: 393;;;;[1, 4, 4, 5]
index: 394;;;;[3, 5, 4, 5]
index: 395;;;;[1, 5, 5, 5]
index: 396;;;;[2, 5, 4, 5]
index: 397;;;;[4, 5, 3, 5]
index: 398;;;;[1, 5, 5, 5]
index: 399;;;;[1, 5, 4, 5]
index: 400;;;;[1, 4, 5, 5]
index: 401;;;;[4, 5, 5, 5]
index: 402;;;;[4, 5, 5, 5]
index: 403;;;;[4, 5, 5, 5]
index: 404;;;;[2, 5, 4, 3]
index: 405;;;;[2, 4, 5, 5]
index: 406;;;;[2, 5, 4, 5]
index: 407;;;;[2, 5, 4, 5]
index: 408;;;;[1, 4, 5, 5]
index: 409;;;;[1, 4, 2, 1]
index: 410;;;;[1, 5, 4, 5]
index: 411;;;;[4, 5, 5, 5]
index: 412;;;;[1, 5, 4, 4]
index: 413;;;;[2, 5, 4, 4]
index: 414;;;;[3, 5, 4, 5]
index: 415;;;;[1, 5, 4, 5]
index: 416;;;;[1,5,5,5]
index: 417;;;;[1, 5, 4, 5]
index: 418;;;;[1, 5, 5, 4]
index: 419;;;;[3, 5, 5, 5]
index: 420;;;;[1, 5, 5, 5]
index: 421;;;;[1, 4, 5, 3]
index: 422;;;;[1, 5, 4, 5]
index: 423;;;;[1, 4, 5, 5]
index: 424;;;;[1, 4, 5, 3]
index: 425;;;;[3, 5, 4, 5]
index: 426;;;;[4, 5, 5, 5]
index: 427;;;;[1, 5, 5, 5]
index: 428;;;;[3, 5, 5, 5]
index: 429;;;;[1, 5, 5, 5]                                                                   
index: 430;;;;[1, 4, 5, 5]
index: 431;;;;[2, 4, 5, 5]
index: 432;;;;[1, 3, 5, 5]
index: 433;;;;[2, 4, 5, 5]
index: 434;;;;[1, 4, 5, 5]
index: 435;;;;[3, 5, 5, 5]
index: 436;;;;[3, 5, 5, 5]
index: 437;;;;[1, 3, 5, 5]
index: 438;;;;[2, 4, 5, 5]
index: 439;;;;[1, 5, 5, 4]
index: 440;;;;[4, 5, 4, 4]
index: 441;;;;[1, 4, 5, 4]
index: 442;;;;[1, 5, 4, 5]
index: 443;;;;[1,3,5,5]
index: 444;;;;[1, 5, 5, 5]
index: 445;;;;[1, 5, 4, 5]
index: 446;;;;[2, 4, 5, 3]
index: 447;;;;[1, 5, 4, 5]
index: 448;;;;[1, 4, 5, 4]
index: 449;;;;[1, 5, 4, 4]
index: 450;;;;[2,5,5,5]
index: 451;;;;[1, 4, 5, 4]
index: 452;;;;[1, 5, 5, 5]
index: 453;;;;[1,4,5,5]
index: 454;;;;[1, 4, 5, 3]
index: 455;;;;[1, 5, 5, 4]
index: 456;;;;[1, 4, 5, 5]
index: 457;;;;[1, 4, 5, 4]
index: 458;;;;[1,4,3,4]
index: 459;;;;[1, 5, 5, 5]
index: 460;;;;[1, 5, 5, 5]
index: 461;;;;[1, 5, 5, 4]
index: 462;;;;[1, 4, 5, 5]
index: 463;;;;[1,5,4,4]
index: 464;;;;[1, 4, 5, 5]
index: 465;;;;[1, 4, 5, 5]
index: 466;;;;[3, 5, 4, 4]
index: 467;;;;[1, 5, 5, 4]
index: 468;;;;[1, 4, 5, 5]
index: 469;;;;[2, 5, 5, 5]
index: 470;;;;[1, 5, 4, 3]
index: 471;;;;[1, 4, 5, 5]
index: 472;;;;[1, 4, 5, 5]
index: 473;;;;[1, 4, 3, 3]
index: 474;;;;[1, 3, 5, 4]
index: 475;;;;[1, 5, 5, 5]
index: 476;;;;[1,5,4,5]
index: 477;;;;[1, 5, 4, 3]
index: 478;;;;[1, 5, 5, 5]
index: 479;;;;[1, 3, 5, 4]
index: 480;;;;[1, 5, 5, 5]
index: 481;;;;[1, 5, 4, 4]
index: 482;;;;[1, 4, 5, 5]
index: 483;;;;[2, 5, 4, 5]
index: 484;;;;[1,5,4,5]
index: 485;;;;[1, 4, 5, 3]
index: 486;;;;[1, 5, 5, 5]
index: 487;;;;[1, 5, 5, 4]
index: 488;;;;[1, 5, 5, 5]
index: 489;;;;[1, 5, 4, 5]
index: 490;;;;[1, 5, 5, 5]
index: 491;;;;[1, 5, 5, 4]
index: 492;;;;[1, 5, 5, 5]
index: 493;;;;[1, 5, 5, 5]
index: 494;;;;[2,5,5,5]
index: 495;;;;[1, 5, 5, 5]
index: 496;;;;[1, 5, 3, 4]
index: 497;;;;[1, 4, 5, 5]
index: 498;;;;[1, 4, 5, 5]
index: 499;;;;[1, 4, 5, 5]
index: 500;;;;[2, 4, 4, 3]
index: 501;;;;[3, 4, 5, 4]
index: 502;;;;[1, 4, 3, 4]
index: 503;;;;[3, 4, 5, 4]
index: 504;;;;[3, 5, 4, 5]
index: 505;;;;[5, 4, 5, 5]
index: 506;;;;[1, 5, 4, 5]
index: 507;;;;[5, 5, 4, 5]
index: 508;;;;[5, 5, 1, 5]
index: 509;;;;[1, 1, 2, 1]  
index: 510;;;;[3,4,4,3]
index: 511;;;;[1, 5, 4, 5]
index: 512;;;;[4, 4, 3, 5]
index: 513;;;;[3,4,4,5]
index: 514;;;;[3, 4, 5, 5]
index: 515;;;;[4, 3, 5, 3]
index: 516;;;;[3, 5, 4, 4]
index: 517;;;;[4, 5, 3, 5]
index: 518;;;;[5, 5, 5, 5]
index: 519;;;;[1, 4, 5, 2]
index: 520;;;;[2, 5, 4, 5]
index: 521;;;;[1, 4, 5, 3]
index: 522;;;;[3, 5, 4, 4]
index: 523;;;;[3, 4, 5, 4]
index: 524;;;;[1, 3, 5, 4]
index: 525;;;;[3, 4, 2, 4]
index: 526;;;;[3, 4, 5, 4]
index: 527;;;;[1, 4, 3, 5]
index: 528;;;;[1, 3, 2, 3]
index: 529;;;;[1, 4, 2, 5]
index: 530;;;;[5, 5, 4, 3]
index: 531;;;;[1, 4, 3, 5]
index: 532;;;;[4, 5, 1, 5]
index: 533;;;;[5, 5, 5, 1]
index: 534;;;;[3, 5, 4, 5]
index: 535;;;;[4, 5, 3, 5]
index: 536;;;;[4, 5, 3, 4]
index: 537;;;;[1, 4, 5, 4]
index: 538;;;;[1, 5, 4, 3]
index: 539;;;;[5, 4, 5, 5]
index: 540;;;;[4,5,5,5]
index: 541;;;;[1, 3, 5, 4]
index: 542;;;;[4, 5, 4.5, 3]
index: 543;;;;[1, 5, 4, 5]
index: 544;;;;[4, 4, 2, 3]
index: 545;;;;[3,4,2,3]
index: 546;;;;[1,5,5,4]
index: 547;;;;[1, 4, 3, 5]
index: 548;;;;[1, 2, 5, 4]
index: 549;;;;[3, 2, 4, 3]
index: 550;;;;[4, 5, 2, 5]
index: 551;;;;[1, 3, 5, 4]
index: 552;;;;[5, 4, 3, 5]
index: 553;;;;[1, 4, 5, 3]
index: 554;;;;[4, 5, 4, 4]
index: 555;;;;[2, 3, 4, 4]
index: 556;;;;[3, 4, 5, 4]
index: 557;;;;[1, 4, 3, 4]
index: 558;;;;[1, 2, 4, 5]
index: 559;;;;[3,2,4,4]
index: 560;;;;[4, 3, 5, 4]
index: 561;;;;[3, 4, 4, 5]
index: 562;;;;[4, 5, 5, 3]
index: 563;;;;[2, 4, 4, 3]
index: 564;;;;[1, 5, 4, 5]
index: 565;;;;[1, 1, 1, 1]
index: 566;;;;[1, 3, 4, 3]
index: 567;;;;[1,4,5,4]
index: 568;;;;[1,5,5,4]
index: 569;;;;[4, 5, 3, 5]
index: 570;;;;[2, 5, 4, 5]
index: 571;;;;[3, 2, 3, 4]
index: 572;;;;[4, 5, 2, 4]
index: 573;;;;[3, 4, 4, 5]
index: 574;;;;[1, 4, 3, 4]
index: 575;;;;[3, 4, 3, 4]
index: 576;;;;[3, 4,5, 4]
index: 577;;;;[4, 5, 2, 3]
index: 578;;;;[1, 4, 3, 4]
index: 579;;;;[1, 5, 1, 5]
index: 580;;;;[1, 5, 4, 5]
index: 581;;;;[4, 5, 4, 4]
index: 582;;;;[1, 5, 1, 2]
index: 583;;;;[4, 5, 4, 5]
index: 584;;;;[3, 4, 4, 4]
index: 585;;;;[3,4,5,4]
index: 586;;;;[2, 4, 4, 3]
index: 587;;;;[2, 4, 2, 5]
index: 588;;;;[1, 4, 5, 3]
index: 589;;;;[2, 4, 5, 4]
index: 590;;;;[1, 5, 4, 3]
index: 591;;;;[2, 5, 4, 3]
index: 592;;;;[3, 2, 3, 3]
index: 593;;;;[1, 5, 1, 5]
index: 594;;;;[3,3,5,4]
index: 595;;;;[3, 5, 4, 4]
index: 596;;;;[5, 4, 4, 5]
index: 597;;;;[2, 4, 5, 4]
index: 598;;;;[5, 4, 3, 4]                                                                                  
index: 599;;;;[2, 4, 3, 3]
index: 600;;;;[1, 4, 5, 4]
index: 601;;;;[2, 4, 3, 4]
index: 602;;;;[2.5, 4, 3, 4]
index: 603;;;;[4, 4, 3, 5]
index: 604;;;;[3, 4, 4, 2]
index: 605;;;;[1, 5, 4, 5]
index: 606;;;;[1, 5, 4, 5]
index: 607;;;;[3, 4, 5, 5]
index: 608;;;;[4,5,1,5]
index: 609;;;;[1, 5, 4, 2]
index: 610;;;;[1, 4, 3, 4]
index: 611;;;;[2, 4, 4, 5]
index: 612;;;;[3, 4, 4, 4]
index: 613;;;;[3, 5, 4, 4]
index: 614;;;;[3, 4, 4, 2]
index: 615;;;;[1, 5, 4, 5]
index: 616;;;;[2, 3, 4, 5]
index: 617;;;;[1, 2, 5, 2]
index: 618;;;;[3, 4, 3, 3]
index: 619;;;;[3, 4, 5, 4]
index: 620;;;;[4, 4, 5, 3]
index: 621;;;;[4, 5, 3, 4]
index: 622;;;;[3, 4, 5, 3]
index: 623;;;;[1,3,4,4]
index: 624;;;;[2, 4, 4, 3]
index: 625;;;;[3, 4, 2, 5]
index: 626;;;;[4, 3, 4, 5]
index: 627;;;;[3, 4, 5, 4]
index: 628;;;;[5,5,2,5]
index: 629;;;;[3, 4, 5, 4]
index: 630;;;;[4, 5, 5, 3]
index: 631;;;;[2,5,4,5]
index: 632;;;;[3, 4, 2, 4]
index: 633;;;;[4, 2, 3, 3]
index: 634;;;;[3, 4, 5, 4]
index: 635;;;;[5, 5, 4, 5]
index: 636;;;;[2, 4, 4, 4]
index: 637;;;;[1, 5, 4, 3]
index: 638;;;;[3, 4, 3, 5]
index: 639;;;;[3,4,5,4]
index: 640;;;;[3, 4, 2, 4]
index: 641;;;;[4, 5, 4, 4]
index: 642;;;;[2, 5, 4, 5]
index: 643;;;;[1, 4, 5, 3]
index: 644;;;;[1, 4, 5, 4]
index: 645;;;;[3, 4, 5, 3]
index: 646;;;;[1, 4, 5, 2]
index: 647;;;;[5, 4, 5, 3]
index: 648;;;;[3, 4, 5, 4]
index: 649;;;;[1, 5, 3, 4]
index: 650;;;;[3, 4, 3, 3]
index: 651;;;;[4, 5, 5, 4]
index: 652;;;;[1, 4, 3, 5]
index: 653;;;;[3, 5, 5, 4]
index: 654;;;;[4, 5, 3, 5]
index: 655;;;;[4, 4, 3, 3]
index: 656;;;;[1, 3, 4, 4]
index: 657;;;;[[1, 5, 3, 4]
index: 658;;;;[3, 4, 5, 4]
index: 659;;;;[4, 3, 5, 4]
index: 660;;;;[1, 4, 5, 4]
index: 661;;;;[4, 5, 3, 5]
index: 662;;;;[4, 5, 4, 4]
index: 663;;;;[1, 2, 4, 5]
index: 664;;;;[2, 4, 4, 3]
index: 665;;;;[1,5,3,4]
index: 666;;;;[2, 4, 3, 5]
index: 667;;;;[2, 3, 4, 3]
index: 668;;;;[3,4,4,4]
index: 669;;;;[2, 3, 4, 4]
index: 670;;;;[4, 5, 3, 5]
index: 671;;;;[3, 5, 4, 5]
index: 672;;;;[2, 5, 4, 5]
index: 673;;;;[1,5,4,2]
index: 674;;;;[5,4,3,2]
index: 675;;;;[3, 4, 4, 5]
index: 676;;;;[3, 4, 4, 4]
index: 677;;;;[4, 5, 3, 4]
index: 678;;;;[3, 4, 5, 5]
index: 679;;;;[2, 2, 4, 5]
index: 680;;;;[2,4,3,1]
index: 681;;;;[1, 5, 4, 3]
index: 682;;;;[2, 4, 5, 4]
index: 683;;;;[2, 4, 5, 3]
index: 684;;;;[2, 5, 4, 5]
index: 685;;;;[1, 2, 4, 2]
index: 686;;;;[1, 4, 5, 3]
index: 687;;;;[1, 5, 4, 5]
index: 688;;;;[3, 4, 5, 4]
index: 689;;;;[2, 4, 3, 1]
index: 690;;;;[3, 5, 4, 5]
index: 691;;;;[5, 4, 3, 4]
index: 692;;;;[2, 4, 3, 4]
index: 693;;;;[2, 4, 5, 3]
index: 694;;;;[4, 5, 4, 5]
index: 695;;;;[1, 5, 2, 4]
index: 696;;;;[3, 2, 5, 1]
index: 697;;;;[2, 4, 5, 3]
index: 698;;;;[3, 5, 4, 5]
index: 699;;;;[2, 5, 2, 4]
index: 700;;;;[3, 4, 5, 5]
index: 701;;;;[1, 4, 4, 5]
index: 702;;;;[3, 5, 4, 5]
index: 703;;;;[2, 4, 3, 3]
index: 704;;;;[2, 4, 5, 3]
index: 705;;;;[2, 4, 4, 3]
index: 706;;;;[2, 3, 3, 4]
index: 707;;;;[4, 5, 3, 5]
index: 708;;;;[3, 5, 2, 4]
index: 709;;;;[3, 4, 3, 3]
index: 710;;;;[2, 3, 2, 2]
index: 711;;;;[1, 4, 2, 4]
index: 712;;;;[4,4,4,5]
index: 713;;;;[4, 4, 5, 3]
index: 714;;;;[1, 4, 5, 5]
index: 715;;;;[2, 4, 5, 3]
index: 716;;;;[2, 5, 4, 4]
index: 717;;;;[4, 5, 5, 5]
index: 718;;;;[3, 4, 4, 1]
index: 719;;;;[3, 4, 4, 4]
index: 720;;;;[3, 4, 5, 4]
index: 721;;;;[3, 4, 4, 5]
index: 722;;;;[2, 5, 4, 5]
index: 723;;;;[3, 5, 3, 4]
index: 724;;;;[3,5,4,2]
index: 725;;;;[1, 5, 1, 5]
index: 726;;;;[4, 5, 3, 5]
index: 727;;;;[5, 4, 3, 4]
index: 728;;;;[3, 5, 5, 4]
index: 729;;;;[1, 4, 5, 5]
index: 730;;;;[2, 4, 1, 5]
index: 731;;;;[2, 3, 4, 1]
index: 732;;;;[1, 5, 5, 5]
index: 733;;;;[3, 4, 5, 4]
index: 734;;;;[3, 4, 5, 4]
index: 735;;;;[3, 5, 4, 4]
index: 736;;;;[1, 5, 1, 4]
index: 737;;;;[2, 4, 5, 4]   
index: 738;;;;[2, 4, 5, 4]
index: 739;;;;[3, 5, 4, 5]
index: 740;;;;[3, 5, 4, 5]
index: 741;;;;[1, 5, 4, 2]
index: 742;;;;[1, 5, 5, 4]
index: 743;;;;[3, 5, 4, 5]
index: 744;;;;[1,4,5,4]
index: 745;;;;[2, 5, 4, 3]
index: 746;;;;[4, 3, 4, 5]
index: 747;;;;[2, 4, 5, 4]
index: 748;;;;[3, 5, 4, 4]
index: 749;;;;[2, 4, 5, 4]
index: 750;;;;[2, 2, 3, 3]
index: 751;;;;[2, 3, 4, 4]
index: 752;;;;[1, 4, 5, 2]
index: 753;;;;[3, 4, 5, 5]
index: 754;;;;[3, 5, 4, 2]
index: 755;;;;[1, 4, 3, 1]
index: 756;;;;[2,3,4,4]
index: 757;;;;[2, 4, 5, 3]
index: 758;;;;[1, 5, 1, 5]
index: 759;;;;[5, 2, 1, 4]
index: 760;;;;[3, 5, 4, 2]
index: 761;;;;[2, 3, 4, 1]
index: 762;;;;[1, 5, 3, 4]
index: 763;;;;[1, 4, 2, 3]
index: 764;;;;[2, 3, 4, 5]
index: 765;;;;[1, 4, 3, 2]
index: 766;;;;[5, 2, 1, 2]
index: 767;;;;[2, 5, 4, 4] 
index: 768;;;;[4, 5, 4, 5]
index: 769;;;;[2, 5, 4, 4]
index: 770;;;;[4, 5, 3, 4]
index: 771;;;;[3, 4, 4, 3]
index: 772;;;;[1, 4, 5, 4]
index: 773;;;;[2, 4, 3, 5]
index: 774;;;;[1,5,4,5]
index: 775;;;;[2, 4, 3, 5]
index: 776;;;;[3, 5, 4, 5]
index: 777;;;;[2, 3, 4, 4]
index: 778;;;;[2, 4, 3, 5]
index: 779;;;;[2, 3, 4, 2]
index: 780;;;;[4, 5, 4, 5]
index: 781;;;;[2, 5, 4, 3]
index: 782;;;;[2, 4, 5, 3]
index: 783;;;;[4, 5, 3, 4]
index: 784;;;;[1, 4, 5, 3]
index: 785;;;;[3, 5, 4, 5]
index: 786;;;;[2, 4, 5, 3]
index: 787;;;;[4, 5, 5, 3]
index: 788;;;;[3, 5, 4, 4]
index: 789;;;;[2, 5, 5, 4]
index: 790;;;;[1, 5, 4, 5]
index: 791;;;;[2, 3, 4, 4]
index: 792;;;;[2, 4, 3, 5]
index: 793;;;;[2, 5, 4, 3]
index: 794;;;;[3, 4, 5, 3]
index: 795;;;;[1, 4, 5, 2]
index: 796;;;;[3, 4, 4, 4]
index: 797;;;;[3, 5, 4, 4]
index: 798;;;;[2,5,4,3]
index: 799;;;;[3, 4, 5, 2]
index: 800;;;;[1, 4, 5, 5]
index: 802;;;;[5, 5, 4, 5]
index: 803;;;;[1, 4, 3, 2]                 
index: 804;;;;[2, 4, 5, 3]
index: 805;;;;[1, 5, 3, 5]
index: 806;;;;[2,5,3,4]
index: 807;;;;[5, 4, 2, 3]
index: 808;;;;[3, 4 , 2, 1]
index: 809;;;;[2, 5, 5, 5]
index: 810;;;;[1,5,5,4]
index: 811;;;;[2,5,4,3]
index: 812;;;;[2, 4, 5, 5]
index: 813;;;;[3, 5, 4, 5]
index: 814;;;;[1, 4, 2, 3]
index: 815;;;;[3, 4, 4, 5]
index: 816;;;;[2, 5, 4, 5]
index: 817;;;;[3, 4, 5, 5]
index: 818;;;;[2, 4, 4, 5]
index: 820;;;;[1, 3, 4, 5]
index: 821;;;;[4, 4, 5, 3]
index: 822;;;;[1, 5, 4, 5]
index: 823;;;;[5, 4, 3, 5]
index: 824;;;;[1, 5, 3, 4]
index: 825;;;;[1, 3, 4, 4]
index: 826;;;;[3,5,4,3]
index: 827;;;;[1, 2, 3, 1]
index: 828;;;;[1, 4, 3, 5]
index: 829;;;;[1, 3, 4, 3]
index: 830;;;;[3,4,4,5]
index: 831;;;;[2, 5, 4, 3]
index: 832;;;;[4,4,4,5]
index: 833;;;;[2, 4, 5, 4]
index: 834;;;;[1, 5, 5, 4]
index: 835;;;;[2, 5, 2, 5]
index: 836;;;;[4, 5, 4, 5]
index: 837;;;;[1,4,5,5]
index: 838;;;;[1, 4, 5, 5]
index: 839;;;;[1, 4, 5, 2]
index: 840;;;;[3,4,4,5]
index: 841;;;;[1,3,4,5]
index: 842;;;;[3, 4, 5, 4]
index: 843;;;;[5, 5, 4, 5]
index: 844;;;;[5, 3, 4, 3]
index: 845;;;;[5, 4, 5, 4]
index: 846;;;;[5, 5, 4, 5]
index: 847;;;;[5, 5, 4, 4]
index: 848;;;;[4,5,3,5]
index: 849;;;;[1, 5, 4, 4]
index: 850;;;;[2, 5, 4, 5]
index: 851;;;;[2, 4, 3, 4]
index: 852;;;;[4, 5, 5, 5]
index: 853;;;;[2, 5, 4, 5]
index: 854;;;;[1, 4, 5, 5]
index: 855;;;;[5, 4, 2, 5]
index: 856;;;;[1, 4, 4, 5]
index: 857;;;;[1, 5, 4, 5]
index: 858;;;;[4, 5, 3, 5]
index: 859;;;;[4, 5, 4, 5]
index: 860;;;;[4, 5, 5, 5]
index: 861;;;;[4, 5, 5, 5]
index: 862;;;;[4, 2, 5, 4]
index: 863;;;;[3, 4, 4, 4]
index: 864;;;;[3, 4, 5, 5]
index: 865;;;;[2,5,4,5]
index: 866;;;;[3, 4, 4, 5]
index: 867;;;;[2, 4, 3, 5]
index: 868;;;;[1,5,4,4]
index: 869;;;;[1, 5, 5, 5]
index: 870;;;;[4,4,5,5]
index: 871;;;;[1, 4, 5, 4]
index: 872;;;;[4, 5, 3, 4]
index: 873;;;;[2, 3, 4, 4]
index: 874;;;;[1, 5, 4, 5]
index: 875;;;;[1, 4, 5, 4]
index: 876;;;;[1,5,4,4]
index: 877;;;;[4,  5,  5,  5]
index: 878;;;;[5, 5, 1, 5]
index: 879;;;;[5,  4,  4,  5]
index: 880;;;;[4, 4, 5, 4]
index: 881;;;;[4, 5, 4, 5]
index: 882;;;;[1, 5, 3, 4]
index: 883;;;;[2, 4, 3, 3]
index: 884;;;;[4, 5, 4, 4]
index: 885;;;;[3, 4, 5, 4]
index: 886;;;;[1, 4, 4, 4]
index: 887;;;;[1, 3, 5, 4]
index: 888;;;;[3, 5, 5, 4]
index: 889;;;;[5, 5, 3, 5]
index: 890;;;;[1, 5, 5, 4]
index: 891;;;;[1,4,5,5]
index: 892;;;;[1, 5, 5, 5]
index: 893;;;;[1, 4, 4, 5]
index: 894;;;;[2, 5, 4, 3]
index: 895;;;;[2, 5, 3, 4]
index: 896;;;;[5, 5, 4, 5]
index: 897;;;;[2, 5, 1, 4]
index: 898;;;;[1, 4, 5, 4]
index: 899;;;;[2, 4, 2, 3]
index: 900;;;;[3, 5, 4, 5]
index: 901;;;;[1, 4, 4, 5]
index: 902;;;;[3, 4, 4, 5]
index: 903;;;;[2, 3, 3, 5]  
index: 904;;;;[2, 3, 4, 4]
index: 905;;;;[2, 3, 4, 4]
index: 906;;;;[1, 5, 5, 5]
index: 907;;;;[3, 4, 3, 3]
index: 908;;;;[5, 5, 5, 5]
index: 909;;;;[5,5,3,5]
index: 910;;;;[4, 5, 3, 5]
index: 911;;;;[4, 5, 5, 5]
index: 912;;;;[4, 5, 3, 4]
index: 913;;;;[1, 4, 5, 4]
index: 914;;;;[1, 5, 5, 5]
index: 915;;;;[1, 5, 2, 3]
index: 916;;;;[4,2,3,5]
index: 917;;;;[3, 4, 5, 5]
index: 918;;;;[2,4,5,5]
index: 919;;;;[3, 4, 4, 5]
index: 920;;;;[2, 5, 4, 4]
index: 921;;;;[5, 5, 5, 5]
index: 922;;;;[5, 4, 5, 4]
index: 923;;;;[2, 3, 4, 5]
index: 924;;;;[2,4,3,4]
index: 925;;;;[1, 4, 2, 4]
index: 926;;;;[1, 5, 5, 4]
index: 927;;;;[2, 4, 5, 5]
index: 928;;;;[1, 4, 5, 5]
index: 929;;;;[5, 5, 5, 5]
index: 930;;;;[2, 5, 4, 5]
index: 931;;;;[1, 5, 3, 4]
index: 932;;;;[4, 5, 3, 4]
index: 933;;;;[1, 4, 3, 5]
index: 934;;;;[1, 4, 5, 5]
index: 935;;;;[3,5,4,5]
index: 936;;;;[2, 4, 5, 5]
index: 937;;;;[1, 4, 3, 4]
index: 938;;;;[3, 5, 4, 4]
index: 939;;;;[1, 4, 5, 5]
index: 940;;;;[4, 5, 3, 4]
index: 941;;;;[1, 4, 3, 4]
index: 942;;;;[3, 4, 5, 4]
index: 943;;;;[2, 4, 3, 4] 
index: 944;;;;[1, 5, 4, 5]
index: 945;;;;[5, 4, 4, 4]                   
index: 946;;;;[1, 5, 4, 2]
index: 947;;;;[2, 4, 5, 5]
index: 948;;;;[4, 5, 4, 5]
index: 949;;;;[1, 4, 5, 5]
index: 950;;;;[1, 4, 5, 5]
index: 951;;;;[1, 2, 5, 3]
index: 952;;;;[1, 1, 5, 4]
index: 953;;;;[2, 4, 5, 4]
index: 954;;;;[5, 5, 2, 5]
index: 955;;;;[1, 5, 4, 5]
index: 956;;;;[1, 4, 3, 5]
index: 957;;;;[5, 5, 5, 5]
index: 958;;;;[5, 4, 5, 5]
index: 959;;;;[1, 4, 4, 5]
index: 960;;;;[1, 3, 3, 4]
index: 961;;;;[5, 2, 4, 5]
index: 962;;;;[5, 5, 3, 5]
index: 963;;;;[1, 4, 5, 3]
index: 964;;;;[3,4,3,5]
index: 965;;;;[5, 4, 2, 5]
index: 966;;;;[5, 5, 5, 5]
index: 967;;;;[2, 4, 5, 5]
index: 968;;;;[4, 5, 4, 5]
index: 969;;;;[2, 4, 3, 4]
index: 970;;;;[1, 4, 5, 3]
index: 971;;;;[3, 4, 5, 4]
index: 972;;;;[3,5,5,5]
index: 973;;;;[2, 3, 4, 5]
index: 974;;;;[1, 4, 5, 4]
index: 975;;;;[3, 4, 3, 5]
index: 976;;;;[2, 4, 3, 3]
index: 977;;;;[1, 5, 5, 5]
index: 978;;;;[3,5,4,5]
index: 979;;;;[2, 5, 2, 3]
index: 980;;;;[3, 5, 4, 5]
index: 981;;;;[3, 5, 4, 5]
index: 982;;;;[4, 5, 2, 3]
index: 983;;;;[4, 2, 5, 3]
index: 984;;;;[2, 3, 2, 4]
index: 985;;;;[3, 5, 4, 4]
index: 986;;;;[3, 4, 4, 5]
index: 987;;;;[1,4,5,4]
index: 988;;;;[4, 4, 3, 5]
index: 989;;;;[1, 5, 4, 5]
index: 990;;;;[5, 4, 5, 5]
index: 991;;;;[4, 5, 5, 5]
index: 992;;;;[1,4,5,5]
index: 993;;;;[1, 4, 5, 5]
index: 994;;;;[3, 4, 5, 5]
index: 995;;;;[3, 5, 5, 5]
index: 996;;;;[2, 4, 5, 4]
index: 997;;;;[5, 5, 4, 5]
index: 998;;;;[2, 4, 5, 5]
index: 999;;;;[4, 5, 3, 3]
index: 1000;;;;[2, 5, 4, 5]
index: 1001;;;;[5,3,3,4]
index: 1002;;;;[1, 5, 4, 4]
index: 1003;;;;[4, 3, 3, 5]
index: 1004;;;;[3, 4, 5, 5]
index: 1005;;;;[1, 4, 5, 2]
index: 1006;;;;[3, 4, 1, 2]
index: 1007;;;;[5,5,4,5]
index: 1008;;;;[1, 5, 5, 5]
index: 1009;;;;[1, 5, 4, 5]
index: 1010;;;;[2, 4, 5, 5]
index: 1011;;;;[2, 4, 4, 3]
index: 1012;;;;[2, 5, 5, 4]
index: 1013;;;;[3, 4, 5, 4] 
index: 1014;;;;[3, 4, 5, 4]
index: 1015;;;;[5, 4, 3, 4]
index: 1016;;;;[2, 4, 5, 5]
index: 1017;;;;[1, 5, 4, 5]
index: 1018;;;;[5,5,5,5]
index: 1019;;;;[3, 4, 5, 4]
index: 1020;;;;[1, 4, 2, 3]
index: 1021;;;;[1, 5, 4, 5]
index: 1022;;;;[3, 5, 3, 5]
index: 1023;;;;[1, 5, 3, 4]
index: 1024;;;;[3, 4, 1, 3]
index: 1025;;;;[2, 3, 1, 3]
index: 1026;;;;[4, 5, 5, 5]
index: 1027;;;;[4, 5, 3, 3]
index: 1028;;;;[1, 4, 5, 4]
index: 1029;;;;[5, 5,4,4]
index: 1030;;;;[1, 4, 5, 4]
index: 1031;;;;[4, 5, 5, 4]
index: 1032;;;;[2, 4, 5, 4]
index: 1033;;;;[5, 5, 4, 5]
index: 1034;;;;[3, 5, 4, 5]
index: 1035;;;;[1,4,5,4]
index: 1036;;;;[2,5,1,4]
index: 1037;;;;[1, 4, 5, 4]
index: 1038;;;;[2, 5, 4, 5]
index: 1039;;;;[3,4,5,4]
index: 1040;;;;[2, 4, 1, 5]
index: 1041;;;;[1, 4, 5, 4]
index: 1042;;;;[1, 4, 3, 5]
index: 1043;;;;[4, 5, 5, 5]
index: 1044;;;;[2, 5, 1, 4]
index: 1045;;;;[1, 5, 4, 5]
index: 1046;;;;[4,5,5,4]
index: 1047;;;;[3,4,5,5]
index: 1048;;;;[2, 4, 3, 4]
index: 1049;;;;[1, 3, 4, 5]
index: 1050;;;;[3, 4, 2, 3]
index: 1051;;;;[1, 5, 3, 4]
index: 1052;;;;[4,4,5,5]
index: 1053;;;;[2,5,4,5]
index: 1054;;;;[2, 4, 4, 5]
index: 1055;;;;[2, 4, 2, 5]
index: 1056;;;;[3, 4, 4, 4]
index: 1057;;;;[2, 4, 1, 5]
index: 1058;;;;[1, 3, 5, 5]
index: 1059;;;;[1, 5, 5, 5]
index: 1060;;;;[1, 4, 5, 5]
index: 1061;;;;[2, 5, 2, 4] 
index: 1062;;;;[5, 4, 5, 5]
index: 1063;;;;[2, 4, 5, 5]
index: 1064;;;;[5, 4, 4, 3]
index: 1065;;;;[1, 5, 5, 4]
index: 1066;;;;[1,3,5,4]
index: 1067;;;;[1, 4, 5, 4]
index: 1068;;;;[1, 5, 5, 4]
index: 1069;;;;[3, 4, 5, 5]
index: 1070;;;;[1, 4, 4, 5]
index: 1071;;;;[1, 4, 5, 5]
index: 1072;;;;[3, 2, 5, 4]
index: 1073;;;;[3, 5, 4, 5]
index: 1074;;;;[3, 5, 2, 4]
index: 1075;;;;[2,4,4,5]
index: 1076;;;;[4, 5, 5, 5]
index: 1077;;;;[2, 4, 5, 5]
index: 1078;;;;[5, 5, 4, 5]
index: 1079;;;;[1, 4, 4, 5]
index: 1080;;;;[2, 5, 4, 5]
index: 1081;;;;[5, 5, 3, 5]
index: 1082;;;;[1, 5, 4, 5]
index: 1083;;;;[3, 4, 3, 4]
index: 1084;;;;[2, 4, 4, 1]
index: 1085;;;;[3, 5, 4, 5]
index: 1086;;;;[1, 4, 4, 4]
index: 1087;;;;[1, 4, 5, 5]
index: 1088;;;;[1, 5, 5, 5]
index: 1089;;;;[3, 4, 2, 5]
index: 1090;;;;[2, 4, 5, 4]
index: 1091;;;;[4, 5, 4, 4]
index: 1092;;;;[1, 4, 5, 3]
index: 1093;;;;[1, 3, 5, 4]
index: 1094;;;;[5, 5, 4, 5]
index: 1095;;;;[2, 4, 3, 3]
index: 1096;;;;[5, 5, 5, 5]
index: 1097;;;;[2, 5, 4, 4]
index: 1098;;;;[4, 4, 5, 5]
index: 1099;;;;[1, 4, 5, 4]
index: 1100;;;;[1, 4, 5, 4]
index: 1101;;;;[1, 5, 5, 5]
index: 1102;;;;[1,4,3,4]
index: 1103;;;;[5,5,5,5]
index: 1104;;;;[1, 3, 4, 5]
index: 1105;;;;[1, 5, 5, 5]
index: 1106;;;;[1, 5, 4, 3]
index: 1107;;;;[2, 4, 5, 5]
index: 1108;;;;[2, 5, 3, 4]
index: 1109;;;;[2, 4, 3, 3]
index: 1110;;;;[1, 5, 5, 5]
index: 1111;;;;[4, 5, 4, 5]
index: 1112;;;;[3, 5, 4, 2]
index: 1113;;;;[1, 4, 5, 5]
index: 1114;;;;[4, 5, 4, 5]
index: 1115;;;;[1, 5, 4, 5]
index: 1116;;;;[1, 5, 5, 5]
index: 1117;;;;[1, 5, 4, 3]
index: 1118;;;;[2, 4, 2, 3]
index: 1119;;;;[1, 3, 4, 5]
index: 1120;;;;[4, 5, 4, 5]
index: 1121;;;;[2, 4, 5, 4]
index: 1122;;;;[1, 5, 4, 4]
index: 1123;;;;[1, 5, 5, 5]                                                                 
index: 1124;;;;[4,5,5,4]
index: 1125;;;;[1, 4, 5, 5]
index: 1126;;;;[2, 5, 4, 5]
index: 1127;;;;[1, 4, 5, 5]
index: 1128;;;;[2, 4, 3, 4]
index: 1129;;;;[3, 4, 4, 5]
index: 1130;;;;[1, 5, 4, 5]
index: 1131;;;;[5, 4, 4, 5]
index: 1132;;;;[3, 4, 5, 5]
index: 1133;;;;[4, 5, 4, 4]
index: 1134;;;;[3, 5, 4, 5]
index: 1135;;;;[1, 4, 5, 5]
index: 1136;;;;[5, 5, 4, 4]
index: 1137;;;;[2,4,3,4]
index: 1138;;;;[1, 4, 5, 5]
index: 1139;;;;[2, 3, 4, 3]
index: 1140;;;;[1,4,5,4]
index: 1141;;;;[2, 4, 3, 5]
index: 1142;;;;[3, 4, 5, 4]
index: 1143;;;;[3, 4, 5, 5]
index: 1144;;;;[1, 5, 4, 5]
index: 1145;;;;[1, 5, 4, 5]
index: 1146;;;;[1, 4, 5, 5]
index: 1147;;;;[3, 4, 4, 3]
index: 1148;;;;[1,3,4,5]
index: 1149;;;;[2, 4, 3, 3]
index: 1150;;;;[5, 5, 4, 5]
index: 1151;;;;[2, 5, 4, 5]
index: 1152;;;;[2, 4, 1, 3]
index: 1153;;;;[1, 4, 1, 5]
index: 1154;;;;[1, 4, 3, 5]
index: 1155;;;;[4, 5, 4, 3]
index: 1156;;;;[1, 5, 5, 5]
index: 1157;;;;[1, 5, 5, 4]
index: 1158;;;;[2, 5, 3, 5]
index: 1159;;;;[5, 5, 4, 5]
index: 1160;;;;[2, 4, 5, 4]
index: 1161;;;;[1, 3, 5, 4]
index: 1162;;;;[1, 4, 5, 5]
index: 1163;;;;[1, 4, 5, 5]
index: 819;;;;[1, 5, 3, 5]
